1 2 F 4 5 F 7 8 F 10 11 F B 14 F 16 17 F 19 20 F 22 23 F 25 B F 28 29 F 31 32 F 
1 2 3 4 5 6 F 8 9 10 11 B 13 F 15 16 17 18 19 20 F 22 23 B 25 26 27 F 29 30 31 32 33 34 F B 
1 2 3 4 F 6 7 8 9 F 11 12 13 14 FB 16 17 18 19 F 21 
1 2 3 4 F 6 7 8 9 F 11 12 B 14 F 16 17 18 19 F 21 22 23 24 
1 2 F 4 5 F 7 8 F 10 11 F 13 14 F 16 17 F B 20 F 22 23 F 25 26 F 28 29 F 31 32 F 34 35 F 
1 2 3 F 5 6 7 F 9 10 11 F 13 14 15 F 17 B 19 F 21 22 23 F 25 26 27 F 29 30 
1 2 3 4 5 F 7 8 9 10 11 F 13 14 15 B 17 F 19 20 21 22 23 F 25 26 27 28 29 F 31 B 33 34 35 F 37 38 39 
1 2 3 4 5 6 7 8 F 10 11 12 13 14 15 B 17 F 19 20 21 22 23 24 25 26 F 28 29 30 31 B 33 34 35 F 37 38 
1 2 F 4 5 F 7 8 F 10 11 F 13 14 F B 17 F 19 20 F 22 
1 2 3 4 5 F 7 8 9 10 11 F 13 14 15 16 B F 19 20 21 22 23 F 25 26 27 28 29 F 31 32 
1 F 3 F 5 F 7 F 9 F 11 F 13 F 15 F B F 19 F 21 F 23 F 25 F 27 F 29 F 31 F 33 FB 35 
F F F F F F F F F F F F F F FB F F F F F F F F F F F F F F FB F F F F 
1 2 F 4 5 F 7 8 F 10 11 F 13 14 F 16 17 FB 19 20 F 22 23 F 25 26 F 28 29 F 31 32 F 34 35 FB 37 38 F 40 
1 2 3 4 5 6 7 8 F 10 11 12 13 14 15 16 17 FB 19 20 21 22 23 24 25 26 F 28 29 30 31 32 
1 2 3 F 5 6 7 F 9 10 11 F 13 14 15 F 17 18 B F 21 22 23 F 25 26 27 F 29 30 
1 2 3 4 F 6 7 8 9 F 11 12 13 14 F B 17 18 19 F 21 22 23 24 F 26 27 28 29 F 31 B 33 34 
1 F 3 F 5 F 7 F 9 F 11 FB 13 F 15 F 17 F 19 F 21 F 23 FB 25 F 27 F 29 F 31 
1 2 3 4 5 6 7 8 9 F 11 12 13 B 15 16 17 18 19 F 21 22 23 24 25 26 27 B 29 F 31 32 33 34 35 36 
1 2 3 4 5 6 7 8 F 10 11 12 13 B 15 16 17 F 19 20 21 22 23 24 25 26 F 
1 2 3 4 5 6 7 8 9 F 11 12 13 14 B 16 17 18 19 F 21 22 23 24 25 26 27 28 29 FB 31 32 33 34 
